7
0  28 0  0  0  10 0
28 0  16 0  0  0  14
0  16 0  12 0  0  0
0  0  12 0  22 0  18
0  0  0  22 0  25 24
10 0  0  0  25 0  0
0  14 0  18 24 0  0

cost 99

3
0 10 10
10 0 10
10 10 0
cost 20

4
0 4 9 21
4 0 8 17
9 8 0 16
21 17 16 0
cost 28

7
0 5 0 0 0 3 0
5 0 10 0 1 0 4
0 10 0 5 0 0 8
0 0 5 0 7 0 9
0 1 0 7 0 6 2
3 0 0 0 6 0 0
0 4 8 9 2 0 0

cost 23

10
0 2 2 0 8 0 9 0 0 0
2 0 4 3 9 9 0 0 0 0
2 4 0 6 0 0 9 0 0 0
0 3 6 0 0 9 0 0 0 0
8 9 0 0 0 8 7 0 9 10
0 9 0 9 8 0 0 0 0 18
9 0 9 0 7 0 0 4 5 0
0 0 0 0 0 0 4 0 1 4
0 0 0 0 9 0 5 1 0 3
0 0 0 0 10 18 0 4 3 0
cost 38